n: 149689871933523898487085003856984468870482390037601728900188208806500682729361812646669171
# norm 2.716573e-12 alpha -4.902906 e 4.601e-08 rroots 2
# anorm: -5.22e+38, rnorm: -4.13e+24
skew: 463594.38
c0: -8058972526597570322954934
c1: 30492915585078377517
c2: -457257430482144
c3: -1454671408
c4: 1680
Y0: -3072374370237900090089
Y1: 109471340509
rlim: 350000
alim: 840000
lpbr: 25
lpba: 25
mfbr: 50
mfba: 50
rlambda: 2.4000
alambda: 2.4000
