n: 315547728763353682629201910311839572981703304736061985377687053517447821670148261179477299
# norm 2.573125e-12 alpha -5.005431 e 4.512e-08 rroots 2
# anorm: 1.70e+38, rnorm: -4.68e+24
skew: 740328.70
c0: -49937719211913922237398875
c1: 27536869460125417797
c2: -294253959775995
c3: 173485892
c4: 840
Y0: -4402458633278305679373
Y1: 227610747253
rlim: 350000
alim: 840000
lpbr: 25
lpba: 25
mfbr: 50
mfba: 50
rlambda: 2.4000
alambda: 2.4000
