n: 226492946512013642353358853937990356716879227059976248121251466901503301655504057622409363
# norm 2.529220e-12 alpha -5.163792 e 4.444e-08 rroots 2
# anorm: 3.34e+38, rnorm: -4.23e+24
skew: 411057.31
c0: 17258214911114359449068265
c1: 314000552665551170517
c2: 95148321334771
c3: -2389982141
c4: 2940
Y0: -2962647761342083620542
Y1: 106810280369
rlim: 350000
alim: 840000
lpbr: 25
lpba: 25
mfbr: 50
mfba: 50
rlambda: 2.4000
alambda: 2.4000
