n: 321739159513091262170255410982298427140058934463728910158638687584271260451816679219749747
# norm 2.650759e-12 alpha -4.922906 e 4.588e-08 rroots 2
# anorm: 2.68e+38, rnorm: -5.57e+24
skew: 373766.89
c0: -9979085169519489922246920
c1: 99230662178807526277
c2: 41800204761296
c3: -241151636
c4: 1680
Y0: -3720057472356584996953
Y1: 236114033563
rlim: 350000
alim: 840000
lpbr: 25
lpba: 25
mfbr: 50
mfba: 50
rlambda: 2.4000
alambda: 2.4000
